93
34
44
38
53
53
46
75
36
13
61
45
82
17
97
25
76
67
73
91
40
80
61
8
86
15
21
89
36
4
38
46
41
60
92
62
81
52
82
73
45
98
10
68
95
19
38
63
45
38
68
56
50
19
76
13
74
36
52
38
33
58
39
33
75
16
5
23
26
35
44
25
85
1
47
42
70
93
13
67
78
59
45
99
37
82
97
23
84
80
89
46
1
45
41
88
60
78
94
80
15
16
37
10
94
43
72
49
72
34
43
81
23
85
61
74
13
41
97
93
20
83
39
47
47
98
25
41
61
59
83
93
100
34
53
62
22
36
5
94
11
48
51
51
37
8
23
16
84
67
75
20
81
1
61
33
77
91
63
97
19
32
89
13
51
51
82
90
33
99
53
78
36
3
83
72
32
88
10
40
75
9
57
94
84
64
12
99
73
20
85
31
73
9
75
79
59
38
100
86
26
34
84
86
15
98
84
79
19
89
2
90
82
23
22
11
76
96
29
88
39
83
17
13
14
22
5
27
28
4
14
94
89
24
14
42
25
71
80
87
80
34
81
84
19
96
50
50
88
65
4
64
9
13
48
43
17
71
72
93
93
58
51
15
75
8
1
58
9
81
86
5
16
43
8
6
3
34
95
18
73
56
40
64
1
51
85
77
77
72
25
55
100
87
95
23
84
67
9
11
96
92
41
8
80
99
48
67
5
42
41
84
76
55
21
38
18
87
14
25
23
25
81
38
56
32
6
29
48
85
22
36
25
85
23
81
15
33
85
3
4
19
72
35
31
42
79
45
67
58
6
97
53
85
89
72
12
3
53
48
94
19
19
21
21
5
60
92
33
40
23
86
3
12
22
5
53
47
8
14
53
61
63
91
80
26
83
40
97
51
70
12
81
37
9
85
100
51
15
26
83
88
13
28
35
20
95
42
64
84
19
65
96
39
95
34
57
29
42
96
22
20
95
82
71
12
6
66
3
37
6
2
32
83
32
66
48
35
57
60
31
42
77
13
32
5
17
42
42
76
28
71
10
20
4
63
93
32
58
23
15
29
39
27
79
18
34
13
7
30
86
22
73
83
65
81
43
83
51
66
96
64
25
28
9
35
93
13
80
69
74
17
78
34
45
3
4
51
34
15
72
4
36
13
91
7
99
28
56
24
21
11
81
92
28
52
5
11
18
45
26
21
34
39
56
70
44
39
38
62
77
93
49
36
94
93
29
12
38
3
36
65
58
56
49
64
36
87
7
94
99
93
34
90
89
51
70
98
57
21
63
60
91
94
47
28
62
45
98
35
24
93
74
15
9
61
64
78
90
93
34
58
33
45
63
84
60
59
48
43
24
31
55
17
40
76
75
64
10
22
2
91
89
72
70
6
20
19
82
29
88
92
8
65
88
6
28
47
32
63
69
3
98
55
12
93
39
58
76
33
87
1
69
69
92
43
69
61
75
58
65
41
78
20
56
32
24
91
29
35
49
29
33
47
53
99
93
34
61
78
68
62
44
49
42
87
23
40
73
45
37
68
72
74
98
29
26
79
100
80
70
49
29
41
85
59
69
22
16
93
51
36
1
97
91
3
98
30
78
69
10
84
18
85
98
82
57
59
49
25
74
14
35
81
9
19
34
3
65
84
19
1
24
81
95
2
67
75
84
96
31
97
2
31
71
86
31
45
44
3
3
10
74
92
20
37
1
21
89
72
70
95
65
95
50
9
60
38
90
97
15
82
75
54
94
78
13
5
10
23
88
90
60
62
81
9
28
32
61
59
2
47
87
13
26
37
32
7
81
63
26
94
55
47
89
21
36
20
99
43
24
97
11
67
84
80
36
3
14
42
82
29
77
32
96
69
96
63
28
58
46
6
24
48
97
95
36
13
74
61
74
8
34
19
35
6
36
20
29
46
1
29
94
40
82
98
18
23
52
21
26
73
93
42
98
18
73
64
70
90
45
24
30
54
68
74
96
59
98
90
33
76
35
83
57
17
13
85
67
99
77
14
61
54
36
1
16
92
22
17
34
73
51
39
2
77
100
41
72
8
3
60
26
62
88
50
39
10
85
81
6
88
98
72
13
32
64
76
18
67
59
4
37
81
57
60
26
96
81
80
17
73
13
59
96
18
88
99
66
86
63
6
8
41
12
46
76
80
26
70
14
24
23
6
50
100
23
45
6
29
25
44
30
5
64
33
75
39
76
95
44
65
11
33
5
53
97
97
69
12
84
47
70
12
67
94
50
8
10
97
96
43
94
38
62
20
77
3
77
79
